01111111111111
01111111111111
01111111111111
01111111111111
01111111111111
01111111111111
01111111111111
01111111111111
01111111111111
01111111111110
01111111111110
01111111111110
01111111111110
01111111111110
01111111111110
01111111111110
01111111111101
01111111111101
01111111111101
01111111111101
01111111111100
01111111111100
01111111111100
01111111111100
01111111111011
01111111111011
01111111111011
01111111111010
01111111111010
01111111111010
01111111111001
01111111111001
01111111111000
01111111111000
01111111111000
01111111110111
01111111110111
01111111110110
01111111110110
01111111110101
01111111110101
01111111110100
01111111110100
01111111110011
01111111110010
01111111110010
01111111110001
01111111110001
01111111110000
01111111101111
01111111101111
01111111101110
01111111101110
01111111101101
01111111101100
01111111101011
01111111101011
01111111101010
01111111101001
01111111101000
01111111101000
01111111100111
01111111100110
01111111100101
01111111100101
01111111100100
01111111100011
01111111100010
01111111100001
01111111100000
01111111011111
01111111011110
01111111011101
01111111011101
01111111011100
01111111011011
01111111011010
01111111011001
01111111011000
01111111010111
01111111010110
01111111010101
01111111010100
01111111010010
01111111010001
01111111010000
01111111001111
01111111001110
01111111001101
01111111001100
01111111001011
01111111001010
01111111001000
01111111000111
01111111000110
01111111000101
01111111000011
01111111000010
01111111000001
01111111000000
01111110111110
01111110111101
01111110111100
01111110111010
01111110111001
01111110111000
01111110110110
01111110110101
01111110110100
01111110110010
01111110110001
01111110101111
01111110101110
01111110101101
01111110101011
01111110101010
01111110101000
01111110100111
01111110100101
01111110100100
01111110100010
01111110100000
01111110011111
01111110011101
01111110011100
01111110011010
01111110011001
01111110010111
01111110010101
01111110010100
01111110010010
01111110010000
01111110001111
01111110001101
01111110001011
01111110001001
01111110001000
01111110000110
01111110000100
01111110000010
01111110000001
01111101111111
01111101111101
01111101111011
01111101111001
01111101110111
01111101110110
01111101110100
01111101110010
01111101110000
01111101101110
01111101101100
01111101101010
01111101101000
01111101100110
01111101100100
01111101100010
01111101100000
01111101011110
01111101011100
01111101011010
01111101011000
01111101010110
01111101010100
01111101010010
01111101010000
01111101001101
01111101001011
01111101001001
01111101000111
01111101000101
01111101000011
01111101000000
01111100111110
01111100111100
01111100111010
01111100110111
01111100110101
01111100110011
01111100110001
01111100101110
01111100101100
01111100101010
01111100100111
01111100100101
01111100100011
01111100100000
01111100011110
01111100011011
01111100011001
01111100010111
01111100010100
01111100010010
01111100001111
01111100001101
01111100001010
01111100001000
01111100000101
01111100000011
01111100000000
01111011111110
01111011111011
01111011111001
01111011110110
01111011110011
01111011110001
01111011101110
01111011101011
01111011101001
01111011100110
01111011100011
01111011100001
01111011011110
01111011011011
01111011011001
01111011010110
01111011010011
01111011010000
01111011001110
01111011001011
01111011001000
01111011000101
01111011000010
01111010111111
01111010111101
01111010111010
01111010110111
01111010110100
01111010110001
01111010101110
01111010101011
01111010101000
01111010100101
01111010100010
01111010011111
01111010011100
01111010011001
01111010010110
01111010010011
01111010010000
01111010001101
01111010001010
01111010000111
01111010000100
01111010000001
01111001111110
01111001111011
01111001111000
01111001110100
01111001110001
01111001101110
01111001101011
01111001101000
01111001100101
01111001100001
01111001011110
01111001011011
01111001011000
01111001010100
01111001010001
01111001001110
01111001001010
01111001000111
01111001000100
01111001000000
01111000111101
01111000111010
01111000110110
01111000110011
01111000101111
01111000101100
01111000101001
01111000100101
01111000100010
01111000011110
01111000011011
01111000010111
01111000010100
01111000010000
01111000001101
01111000001001
01111000000110
01111000000010
01110111111110
01110111111011
01110111110111
01110111110100
01110111110000
01110111101100
01110111101001
01110111100101
01110111100001
01110111011110
01110111011010
01110111010110
01110111010011
01110111001111
01110111001011
01110111000111
01110111000100
01110111000000
01110110111100
01110110111000
01110110110100
01110110110001
01110110101101
01110110101001
01110110100101
01110110100001
01110110011101
01110110011001
01110110010101
01110110010001
01110110001110
01110110001010
01110110000110
01110110000010
01110101111110
01110101111010
01110101110110
01110101110010
01110101101110
01110101101010
01110101100101
01110101100001
01110101011101
01110101011001
01110101010101
01110101010001
01110101001101
01110101001001
01110101000101
01110101000000
01110100111100
01110100111000
01110100110100
01110100110000
01110100101011
01110100100111
01110100100011
01110100011111
01110100011010
01110100010110
01110100010010
01110100001110
01110100001001
01110100000101
01110100000001
01110011111100
01110011111000
01110011110011
01110011101111
01110011101011
01110011100110
01110011100010
01110011011101
01110011011001
01110011010100
01110011010000
01110011001100
01110011000111
01110011000011
01110010111110
01110010111001
01110010110101
01110010110000
01110010101100
01110010100111
01110010100011
01110010011110
01110010011001
01110010010101
01110010010000
01110010001100
01110010000111
01110010000010
01110001111110
01110001111001
01110001110100
01110001101111
01110001101011
01110001100110
01110001100001
01110001011100
01110001011000
01110001010011
01110001001110
01110001001001
01110001000101
01110001000000
01110000111011
01110000110110
01110000110001
01110000101100
01110000100111
01110000100010
01110000011110
01110000011001
01110000010100
01110000001111
01110000001010
01110000000101
01110000000000
01101111111011
01101111110110
01101111110001
01101111101100
01101111100111
01101111100010
01101111011101
01101111011000
01101111010011
01101111001110
01101111001000
01101111000011
01101110111110
01101110111001
01101110110100
01101110101111
01101110101010
01101110100100
01101110011111
01101110011010
01101110010101
01101110010000
01101110001010
01101110000101
01101110000000
01101101111011
01101101110101
01101101110000
01101101101011
01101101100101
01101101100000
01101101011011
01101101010101
01101101010000
01101101001011
01101101000101
01101101000000
01101100111010
01101100110101
01101100110000
01101100101010
01101100100101
01101100011111
01101100011010
01101100010100
01101100001111
01101100001001
01101100000100
01101011111110
01101011111001
01101011110011
01101011101110
01101011101000
01101011100011
01101011011101
01101011010111
01101011010010
01101011001100
01101011000111
01101011000001
01101010111011
01101010110110
01101010110000
01101010101010
01101010100101
01101010011111
01101010011001
01101010010011
01101010001110
01101010001000
01101010000010
01101001111100
01101001110111
01101001110001
01101001101011
01101001100101
01101001011111
01101001011010
01101001010100
01101001001110
01101001001000
01101001000010
01101000111100
01101000110110
01101000110000
01101000101011
01101000100101
01101000011111
01101000011001
01101000010011
01101000001101
01101000000111
01101000000001
01100111111011
01100111110101
01100111101111
01100111101001
01100111100011
01100111011101
01100111010111
01100111010000
01100111001010
01100111000100
01100110111110
01100110111000
01100110110010
01100110101100
01100110100110
01100110011111
01100110011001
01100110010011
01100110001101
01100110000111
01100110000001
01100101111010
01100101110100
01100101101110
01100101101000
01100101100001
01100101011011
01100101010101
01100101001110
01100101001000
01100101000010
01100100111100
01100100110101
01100100101111
01100100101000
01100100100010
01100100011100
01100100010101
01100100001111
01100100001001
01100100000010
01100011111100
01100011110101
01100011101111
01100011101000
01100011100010
01100011011011
01100011010101
01100011001110
01100011001000
01100011000001
01100010111011
01100010110100
01100010101110
01100010100111
01100010100001
01100010011010
01100010010100
01100010001101
01100010000110
01100010000000
01100001111001
01100001110010
01100001101100
01100001100101
01100001011111
01100001011000
01100001010001
01100001001010
01100001000100
01100000111101
01100000110110
01100000110000
01100000101001
01100000100010
01100000011011
01100000010101
01100000001110
01100000000111
01100000000000
01011111111001
01011111110011
01011111101100
01011111100101
01011111011110
01011111010111
01011111010000
01011111001001
01011111000011
01011110111100
01011110110101
01011110101110
01011110100111
01011110100000
01011110011001
01011110010010
01011110001011
01011110000100
01011101111101
01011101110110
01011101101111
01011101101000
01011101100001
01011101011010
01011101010011
01011101001100
01011101000101
01011100111110
01011100110111
01011100110000
01011100101001
01011100100001
01011100011010
01011100010011
01011100001100
01011100000101
01011011111110
01011011110111
01011011101111
01011011101000
01011011100001
01011011011010
01011011010011
01011011001011
01011011000100
01011010111101
01011010110110
01011010101110
01011010100111
01011010100000
01011010011001
01011010010001
01011010001010
01011010000011
01011001111011
01011001110100
01011001101101
01011001100101
01011001011110
01011001010111
01011001001111
01011001001000
01011001000001
01011000111001
01011000110010
01011000101010
01011000100011
01011000011011
01011000010100
01011000001101
01011000000101
01010111111110
01010111110110
01010111101111
01010111100111
01010111100000
01010111011000
01010111010001
01010111001001
01010111000001
01010110111010
01010110110010
01010110101011
01010110100011
01010110011100
01010110010100
01010110001100
01010110000101
01010101111101
01010101110110
01010101101110
01010101100110
01010101011111
01010101010111
01010101001111
01010101001000
01010101000000
01010100111000
01010100110001
01010100101001
01010100100001
01010100011001
01010100010010
01010100001010
01010100000010
01010011111010
01010011110011
01010011101011
01010011100011
01010011011011
01010011010011
01010011001100
01010011000100
01010010111100
01010010110100
01010010101100
01010010100100
01010010011100
01010010010101
01010010001101
01010010000101
01010001111101
01010001110101
01010001101101
01010001100101
01010001011101
01010001010101
01010001001101
01010001000101
01010000111101
01010000110101
01010000101101
01010000100101
01010000011101
01010000010101
01010000001101
01010000000101
01001111111101
01001111110101
01001111101101
01001111100101
01001111011101
01001111010101
01001111001101
01001111000101
01001110111101
01001110110101
01001110101101
01001110100100
01001110011100
01001110010100
01001110001100
01001110000100
01001101111100
01001101110100
01001101101011
01001101100011
01001101011011
01001101010011
01001101001011
01001101000010
01001100111010
01001100110010
01001100101010
01001100100001
01001100011001
01001100010001
01001100001001
01001100000000
01001011111000
01001011110000
01001011100111
01001011011111
01001011010111
01001011001111
01001011000110
01001010111110
01001010110110
01001010101101
01001010100101
01001010011100
01001010010100
01001010001100
01001010000011
01001001111011
01001001110010
01001001101010
01001001100010
01001001011001
01001001010001
01001001001000
01001001000000
01001000110111
01001000101111
01001000100110
01001000011110
01001000010110
01001000001101
01001000000101
01000111111100
01000111110100
01000111101011
01000111100010
01000111011010
01000111010001
01000111001001
01000111000000
01000110111000
01000110101111
01000110100111
01000110011110
01000110010101
01000110001101
01000110000100
01000101111100
01000101110011
01000101101010
01000101100010
01000101011001
01000101010000
01000101001000
01000100111111
01000100110110
01000100101110
01000100100101
01000100011100
01000100010100
01000100001011
01000100000010
01000011111001
01000011110001
01000011101000
01000011011111
01000011010110
01000011001110
01000011000101
01000010111100
01000010110011
01000010101011
01000010100010
01000010011001
01000010010000
01000010000111
01000001111111
01000001110110
01000001101101
01000001100100
01000001011011
01000001010010
01000001001010
01000001000001
01000000111000
01000000101111
01000000100110
01000000011101
01000000010100
01000000001011
01000000000010
00111111111010
00111111110001
00111111101000
00111111011111
00111111010110
00111111001101
00111111000100
00111110111011
00111110110010
00111110101001
00111110100000
00111110010111
00111110001110
00111110000101
00111101111100
00111101110011
00111101101010
00111101100001
00111101011000
00111101001111
00111101000110
00111100111101
00111100110100
00111100101011
00111100100010
00111100011001
00111100010000
00111100000110
00111011111101
00111011110100
00111011101011
00111011100010
00111011011001
00111011010000
00111011000111
00111010111110
00111010110100
00111010101011
00111010100010
00111010011001
00111010010000
00111010000111
00111001111101
00111001110100
00111001101011
00111001100010
00111001011001
00111001010000
00111001000110
00111000111101
00111000110100
00111000101011
00111000100001
00111000011000
00111000001111
00111000000110
00110111111100
00110111110011
00110111101010
00110111100001
00110111010111
00110111001110
00110111000101
00110110111011
00110110110010
00110110101001
00110110100000
00110110010110
00110110001101
00110110000100
00110101111010
00110101110001
00110101101000
00110101011110
00110101010101
00110101001100
00110101000010
00110100111001
00110100101111
00110100100110
00110100011101
00110100010011
00110100001010
00110100000000
00110011110111
00110011101110
00110011100100
00110011011011
00110011010001
00110011001000
00110010111110
00110010110101
00110010101100
00110010100010
00110010011001
00110010001111
00110010000110
00110001111100
00110001110011
00110001101001
00110001100000
00110001010110
00110001001101
00110001000011
00110000111010
00110000110000
00110000100111
00110000011101
00110000010100
00110000001010
00110000000001
00101111110111
00101111101110
00101111100100
00101111011010
00101111010001
00101111000111
00101110111110
00101110110100
00101110101011
00101110100001
00101110010111
00101110001110
00101110000100
00101101111011
00101101110001
00101101100111
00101101011110
00101101010100
00101101001010
00101101000001
00101100110111
00101100101110
00101100100100
00101100011010
00101100010001
00101100000111
00101011111101
00101011110100
00101011101010
00101011100000
00101011010111
00101011001101
00101011000011
00101010111010
00101010110000
00101010100110
00101010011100
00101010010011
00101010001001
00101001111111
00101001110110
00101001101100
00101001100010
00101001011000
00101001001111
00101001000101
00101000111011
00101000110001
00101000101000
00101000011110
00101000010100
00101000001010
00101000000001
00100111110111
00100111101101
00100111100011
00100111011001
00100111010000
00100111000110
00100110111100
00100110110010
00100110101000
00100110011111
00100110010101
00100110001011
00100110000001
00100101110111
00100101101101
00100101100100
00100101011010
00100101010000
00100101000110
00100100111100
00100100110010
00100100101000
00100100011111
00100100010101
00100100001011
00100100000001
00100011110111
00100011101101
00100011100011
00100011011001
00100011010000
00100011000110
00100010111100
00100010110010
00100010101000
00100010011110
00100010010100
00100010001010
00100010000000
00100001110110
00100001101100
00100001100010
00100001011001
00100001001111
00100001000101
00100000111011
00100000110001
00100000100111
00100000011101
00100000010011
00100000001001
00011111111111
00011111110101
00011111101011
00011111100001
00011111010111
00011111001101
00011111000011
00011110111001
00011110101111
00011110100101
00011110011011
00011110010001
00011110000111
00011101111101
00011101110011
00011101101001
00011101011111
00011101010101
00011101001011
00011101000001
00011100110111
00011100101101
00011100100011
00011100011001
00011100001111
00011100000101
00011011111011
00011011110001
00011011100111
00011011011101
00011011010011
00011011001001
00011010111110
00011010110100
00011010101010
00011010100000
00011010010110
00011010001100
00011010000010
00011001111000
00011001101110
00011001100100
00011001011010
00011001010000
00011001000110
00011000111011
00011000110001
00011000100111
00011000011101
00011000010011
00011000001001
00010111111111
00010111110101
00010111101011
00010111100000
00010111010110
00010111001100
00010111000010
00010110111000
00010110101110
00010110100100
00010110011010
00010110001111
00010110000101
00010101111011
00010101110001
00010101100111
00010101011101
00010101010011
00010101001000
00010100111110
00010100110100
00010100101010
00010100100000
00010100010110
00010100001100
00010100000001
00010011110111
00010011101101
00010011100011
00010011011001
00010011001110
00010011000100
00010010111010
00010010110000
00010010100110
00010010011100
00010010010001
00010010000111
00010001111101
00010001110011
00010001101001
00010001011110
00010001010100
00010001001010
00010001000000
00010000110110
00010000101011
00010000100001
00010000010111
00010000001101
00010000000011
00001111111000
00001111101110
00001111100100
00001111011010
00001111010000
00001111000101
00001110111011
00001110110001
00001110100111
00001110011100
00001110010010
00001110001000
00001101111110
00001101110011
00001101101001
00001101011111
00001101010101
00001101001011
00001101000000
00001100110110
00001100101100
00001100100010
00001100010111
00001100001101
00001100000011
00001011111001
00001011101110
00001011100100
00001011011010
00001011010000
00001011000101
00001010111011
00001010110001
00001010100111
00001010011100
00001010010010
00001010001000
00001001111110
00001001110011
00001001101001
00001001011111
00001001010100
00001001001010
00001001000000
00001000110110
00001000101011
00001000100001
00001000010111
00001000001101
00001000000010
00000111111000
00000111101110
00000111100011
00000111011001
00000111001111
00000111000101
00000110111010
00000110110000
00000110100110
00000110011100
00000110010001
00000110000111
00000101111101
00000101110010
00000101101000
00000101011110
00000101010100
00000101001001
00000100111111
00000100110101
00000100101010
00000100100000
00000100010110
00000100001100
00000100000001
00000011110111
00000011101101
00000011100010
00000011011000
00000011001110
00000011000100
00000010111001
00000010101111
00000010100101
00000010011010
00000010010000
00000010000110
00000001111100
00000001110001
00000001100111
00000001011101
00000001010010
00000001001000
00000000111110
00000000110011
00000000101001
00000000011111
00000000010101
00000000001010
00000000000000
